4.10009 1.9117 2.58249 -1.19912 -0.637673 0.313727 0.754487 0.309572 0.117337 0.341602 0.0855553 -0.0414304 
1.03198 0.55164 1.29464 0.324678 0.994625 0.252126 0.778036 -0.0535327 0.450091 0.101892 0.266291 0.074269 
4.77352 2.13437 -0.250339 -0.93855 -0.59483 -0.622286 0.832046 0.233734 0.20944 -0.393705 -0.23203 -0.153577 
-1.1291 -0.563022 2.65188 0.75865 0.108167 0.170088 1.25583 -0.20341 0.0415374 -0.0340288 0.0137291 -0.0483967 
4.03187 2.66255 1.83426 0.626106 0.416708 -0.446449 -0.0450639 0.178603 0.358205 0.301142 0.245948 0.035854 
1.13522 0.625042 1.42137 0.522191 0.7664 0.473647 1.3497 0.170051 0.729165 0.249279 0.28711 0.0749257 
4.28571 2.67997 1.34645 0.560361 0.671539 0.313974 0.55843 0.364342 -0.369257 -0.535337 0.0819675 0.0141598 
2.25844 1.65442 2.01089 1.20745 1.48586 1.05363 1.33121 0.779092 0.692571 0.335526 0.245475 0.0509043 
3.51969 1.71727 2.3182 -0.496401 0.7161 0.163753 0.776393 1.42113 0.32026 0.0781667 0.243391 -0.0194505 
1.14575 0.637609 1.33621 0.45113 1.29459 0.181933 0.558706 0.416469 0.712237 0.194035 0.298229 0.0795139 
4.46285 2.94894 1.49166 0.383554 0.211379 -0.572247 -0.220597 -0.616584 -1.0297 -0.65852 -0.0469429 -0.0320126 
-0.965178 -1.02585 2.83757 -0.0678417 -0.150307 1.155 1.77391 0.202231 0.586255 0.292767 0.0589366 0.0425181 
4.51337 3.12385 1.31117 -0.232843 -0.323707 -0.717237 -0.00877838 0.0206181 -0.337203 -0.388179 0.0301598 -0.0339876 
1.12394 0.654692 1.42016 0.46059 1.30345 0.309441 1.34086 0.511158 0.417803 0.186472 0.303597 0.0795841 
3.78315 2.8029 2.23726 1.86671 1.6141 0.653559 -0.117563 -0.518752 -0.627451 -0.51795 -0.179984 -0.0936563 
3.54833 0.416165 0.93104 1.38525 1.7461 1.91206 2.4283 1.65596 0.693897 -0.116214 -0.111581 0.00795815 
4.48308 1.60313 0.609488 -1.69455 -0.0955148 0.93686 1.56494 0.519985 0.164853 0.137637 -0.00790437 -0.0522933 
1.15619 0.665452 1.41532 0.525562 1.52736 0.255659 1.05775 -0.0124548 0.640611 0.372921 0.286631 0.083065 
5.19587 2.83829 0.313187 -0.876992 0.717556 -1.61727 0.0891262 0.343681 -0.0868756 -0.584338 -0.20741 -0.0433499 
-0.0725081 -0.935358 2.03785 1.22543 -0.0684725 -0.487612 1.76523 0.881538 0.390943 0.189911 0.199393 0.0287387 
2.14599 0.432167 1.90082 1.65646 0.972278 -0.782983 0.527776 0.672201 0.999323 0.217902 0.167879 0.0443978 
1.15431 0.738174 1.44368 0.623756 1.31062 0.905718 1.06785 0.13276 0.853939 0.181809 0.301128 0.0772658 
4.39081 2.95414 1.98197 0.932221 1.94309 -0.198897 0.228352 0.322921 -0.706852 -0.470347 0.173349 0.0420666 
2.68163 2.39223 2.82041 2.18254 2.43234 1.64091 1.64855 0.965653 0.861853 0.403998 0.27655 0.0794362 
3.1111 2.30466 1.8436 0.0565369 0.79631 0.656527 1.51366 0.950389 0.880062 0.509985 0.276396 0.0243936 
1.14505 0.70973 1.41215 0.541108 1.2049 0.186989 1.12251 0.501143 1.0204 0.233149 0.265918 0.0727762 
4.51069 3.00215 1.92089 1.13431 1.33319 -0.134577 -0.615207 -1.14648 -1.41298 -0.657705 -0.0964791 -0.0491738 
-0.964385 0.384448 4.53295 0.0658585 1.34767 1.56327 1.71213 0.765702 0.885623 0.234954 0.140376 0.11078 
4.27207 3.06645 1.65976 0.377083 -0.110729 -1.22181 -0.641858 -0.48788 -0.382787 -0.221417 0.040685 -0.031179 
1.12545 0.804154 1.5111 0.579619 1.76895 0.608794 1.03192 0.610773 0.704464 0.254295 0.273809 0.0718459 
4.5123 2.70267 2.32422 2.26176 2.82201 0.6764 -0.825601 -0.818371 -0.536104 -0.714151 -0.268054 -0.117343 
3.54307 -0.930447 0.633228 2.79531 2.38919 1.43642 1.9238 1.84025 0.941804 -0.258083 -0.00420608 0.096388 
