4.36454 1.77383 0.391372 -0.616454 -0.131687 -0.444911 0.746832 1.20079 0.891042 0.11819 -0.0923743 -0.0724368 
2.76773 0.861249 1.71854 -0.583152 -1.12489 -2.63293 0.558621 0.131429 0.201006 0.507817 0.308952 0.123822 
1.16304 0.643337 1.34454 0.381555 1.13989 0.28232 0.77771 -0.0592789 0.442087 0.164682 0.280912 0.0789756 
3.31692 1.19014 1.66596 0.174676 0.958712 1.03406 1.02497 1.41727 0.544608 -0.0774325 0.0980847 -0.0194468 
4.7418 1.90422 0.634125 -0.186101 -0.576803 -0.719594 0.119156 -0.0851733 -0.12686 -0.204725 -0.0533659 -0.0722792 
-2.15921 0.00741567 3.16461 -0.971575 1.2251 1.30726 0.896888 0.643723 0.790297 0.187657 0.0863465 0.0592954 
1.13699 0.636337 1.37247 0.32772 1.05781 0.329268 1.3467 0.447701 0.469215 0.211177 0.299041 0.0794836 
0.217031 -1.15163 2.01799 2.25076 1.05003 0.0739827 1.71845 1.08144 0.678807 0.151116 0.138987 0.0801409 
4.04705 2.49187 1.49459 -0.891412 1.22027 0.82491 0.976727 0.461151 -0.410962 -0.0899463 0.367856 0.0648339 
0.0155645 -0.991986 2.60208 -0.234117 -0.00687491 0.907941 1.63895 0.671207 0.53627 0.294841 0.0280412 0.102936 
1.26298 0.706394 1.40536 0.482989 1.36899 0.0323222 0.650385 0.460623 0.778372 0.200519 0.287308 0.0784915 
3.67292 -0.436412 0.520011 1.05022 0.763772 1.62025 3.24852 0.183659 0.200721 0.0654272 -0.105273 -0.0976689 
4.30927 2.15954 1.32308 0.934377 0.629122 -1.13288 -0.681636 0.144901 0.438188 -0.0480853 0.0748378 0.0178972 
-1.68052 -0.303604 3.79693 -0.0793692 1.30198 1.25518 1.49576 1.22392 0.734248 -0.0605742 0.0824353 0.11367 
1.21019 0.710748 1.41402 0.546533 1.18721 0.861953 0.899657 0.331274 0.883755 0.180719 0.2844 0.0764073 
3.44152 0.348645 1.03711 1.50648 1.8014 1.92256 2.47182 1.66722 0.723623 -0.125973 -0.114902 0.0197357 
3.79599 1.59532 2.89227 -1.08368 -0.421214 0.402152 0.607223 0.738261 0.0430918 0.161384 0.252767 -0.0380714 
1.25755 -0.39662 2.47542 0.400489 -0.421945 -0.261592 1.28663 0.964986 1.00805 0.420241 0.1168 0.109376 
1.17796 0.650316 1.3919 0.574992 1.10046 0.391485 1.26288 0.0492676 0.919375 0.318671 0.260991 0.0787826 
4.46867 0.645064 -0.659526 -0.376146 1.73116 1.94441 1.54688 1.44268 0.541207 -0.495602 -0.0794076 -0.0180281 
4.6592 1.6988 0.674607 -1.01713 0.120808 -1.26366 -0.397735 0.802907 -0.216566 -0.573194 -0.0549238 -0.0746649 
-1.80558 1.27763 1.77518 -0.85921 2.24453 0.339182 1.05599 0.734555 0.622206 0.293585 0.135964 0.0226581 
1.21926 0.775757 1.50864 0.628151 1.71403 0.633548 1.23756 0.315272 0.56658 0.276362 0.287931 0.0800515 
-0.0655729 -1.86733 0.0380214 1.86073 2.57286 0.835763 1.35468 0.37686 0.63416 0.099299 0.177758 0.0571818 
2.70705 2.21737 2.20857 1.17286 1.71932 0.953705 1.19503 0.721352 0.606263 0.366407 0.304412 0.0624315 
-1.02627 -0.822812 3.67285 -6.97976e-05 0.03407 1.71753 1.83403 0.31571 0.881264 0.165685 0.0260603 0.10424 
1.22388 0.686064 1.39936 0.486435 1.4128 0.332542 1.20421 0.759056 0.859693 0.192964 0.260361 0.0729352 
2.81248 0.0496544 1.47521 -0.277917 1.36942 2.33676 2.48512 0.620551 0.163861 -0.136517 0.0369322 -0.00904509 
4.76499 2.20974 1.51628 0.541762 0.130258 -0.678324 -1.33598 -0.791906 -0.448742 -0.602171 -0.0930771 -0.0277108 
-0.693965 0.783212 4.56705 0.180116 1.64973 1.77826 1.7699 0.70619 0.940667 0.373382 0.142008 0.115875 
2.86052 2.11595 2.16597 0.719514 1.99749 1.9168 0.713279 -0.198477 1.3533 0.165826 0.0471528 0.0522895 
3.467 -0.976989 0.607416 2.83644 2.41616 1.43642 1.9043 1.83855 0.936301 -0.264047 0.00361797 0.099774 
