3.53554 1.28835 2.84523 -0.994585 -0.228119 0.535974 0.755841 0.93841 0.154185 0.19521 0.254985 -0.0387302 
0.853831 -0.154698 0.507355 0.0152278 0.606038 -0.0345623 0.888966 0.104925 0.610694 0.237631 0.264768 0.0681158 
4.19175 3.03382 1.76565 -0.0658043 -0.0242645 -1.0761 -0.541501 -0.46518 -0.0625605 -0.0234861 0.0492447 -0.0166359 
-1.40406 -0.428567 3.76287 -0.326629 0.659475 1.55564 1.5097 0.503184 0.827873 0.161756 0.0858295 0.088192 
3.2812 1.99725 1.72087 0.765956 1.02903 -0.179166 0.323774 0.312067 0.876638 0.605295 0.278544 0.0588473 
2.47244 1.61281 1.83421 1.15029 1.2083 1.05362 1.1928 0.83911 0.67025 0.275795 0.260391 0.0542688 
2.65998 1.9721 2.07965 0.716906 1.14915 -0.11176 0.286122 -0.199353 0.474453 0.0872501 0.148503 0.0420762 
-1.59121 -3.20115 -0.013889 2.74774 1.92787 0.16076 1.16183 0.453043 0.654386 -0.0500388 0.109822 0.0573393 
2.6466 0.840322 1.78765 0.667641 0.317308 0.107649 1.23556 1.27044 1.0987 0.342104 0.179832 0.0594594 
0.469477 0.541656 1.51978 0.0768207 1.33732 0.636602 1.07321 0.318458 0.584119 0.249441 0.251823 0.0746434 
4.2932 2.91421 1.95441 0.700131 0.27939 -0.405752 -0.756621 -1.05802 -0.982909 -0.70339 -0.107978 -0.0551291 
3.5469 0.810218 1.47561 -0.956642 0.209804 1.99803 2.06832 1.45213 0.419564 -0.364419 0.0614643 -0.0618468 
4.31701 2.70849 1.44982 -0.0343924 0.102645 -0.826772 0.281142 0.314597 0.417122 0.221456 0.175625 0.0297983 
1.77476 0.110546 1.04308 1.84323 1.69492 -0.027061 0.701299 0.800287 1.11016 0.264303 0.108386 0.0611214 
3.97114 2.75756 2.25876 1.91337 1.67928 0.54525 -0.308612 -0.646354 -0.686762 -0.66286 -0.141254 -0.0842035 
3.04096 0.931668 1.30421 1.01587 1.45806 1.72925 2.32628 1.27168 0.5792 -0.0726987 0.0259575 0.0111963 
0.38606 -0.716709 2.99877 -0.0880722 -0.570193 0.623812 1.78311 0.539927 0.902358 0.45329 0.0527123 0.091804 
1.36749 0.73678 1.49928 0.662178 1.08156 0.189129 1.14111 0.405859 0.887499 0.275444 0.281967 0.0718462 
4.1383 2.63677 2.42408 -0.843896 -0.779837 -0.595122 -0.146978 -1.27448 -0.0843877 0.078146 -0.00364718 0.00178529 
-0.759593 0.826182 4.62885 0.107782 1.73365 1.57855 1.76937 0.881142 0.889973 0.313729 0.163606 0.114964 
3.57557 2.50032 2.53807 0.432088 1.84061 0.41112 -0.469525 1.31492 0.66713 0.317562 0.315833 0.0123921 
2.531 1.88164 2.32935 2.01192 2.2999 1.37641 1.46091 0.801307 0.777688 0.389827 0.269012 0.0570907 
2.57349 1.9953 2.1736 1.5318 1.77019 0.663131 0.662094 -0.0106782 0.388611 -0.0187542 0.191794 0.0303042 
0.19059 -2.67608 -1.09512 1.54186 2.64024 1.26439 1.44084 0.399278 0.730626 0.127349 0.0278361 0.0525721 
3.74764 0.918242 0.710404 0.163607 0.989752 0.964451 1.16856 1.54382 1.37822 -0.321943 -0.0588241 -0.0442087 
1.56609 0.988762 1.59126 0.967301 1.70935 0.624875 1.30746 0.422808 0.737633 0.263943 0.269825 0.0752222 
4.69862 2.96632 1.66962 0.870236 1.30128 -0.724665 -1.36356 -1.09022 -0.921747 -0.742465 -0.183252 -0.0659976 
2.93121 -0.675083 0.840778 0.488078 0.685054 2.3651 3.51691 0.37134 -0.205123 -0.237502 0.0983914 -0.0915347 
4.51051 3.35224 1.67193 -1.02324 0.958857 -1.63021 0.466767 -0.279807 -0.0146596 0.207199 0.0112395 0.0627938 
1.75147 -0.74517 1.43666 2.92161 2.13056 0.524704 1.38256 1.16054 1.01192 0.173739 0.0949117 0.0843227 
4.87585 2.52459 1.95105 1.46392 1.97486 0.745883 -1.38426 -1.04453 -0.620974 -1.13449 -0.255265 -0.0871975 
3.65111 -0.468185 0.580281 2.25994 2.2729 1.69525 2.17908 1.88477 0.856993 -0.284316 -0.0821912 0.0707986 
