3.72225 1.34151 2.71822 -0.781012 -0.11875 0.476065 0.764103 1.06601 0.187351 0.129933 0.239057 -0.0463215 
1.5468 0.840181 1.46003 0.621756 1.21145 0.311037 0.861312 0.309052 0.868989 0.29601 0.281749 0.0758875 
4.54792 1.95844 0.884789 -0.00292086 0.460231 -0.477977 -0.914155 -0.242483 0.562944 0.0391176 0.10157 -0.0134366 
2.18857 -0.904787 -0.60196 0.571379 2.20013 1.22556 1.43785 0.554957 0.856364 0.202075 0.0220817 0.0588131 
3.74361 2.62119 1.69019 0.567977 1.71633 1.17215 1.59536 1.32399 -0.234231 -0.244875 0.269415 0.0506423 
2.43129 0.908698 1.09699 0.698948 1.62275 1.54994 1.84624 0.665995 0.26197 -0.0644147 0.162261 0.0590002 
3.78197 2.27663 2.28337 -0.0494411 -0.289718 -0.227523 -0.602305 -1.00967 -0.229747 -0.309719 -0.0644104 -0.0140716 
3.96045 0.109709 0.247412 0.310545 0.327625 1.24871 3.13787 0.99874 -0.171175 -0.22675 -0.072002 -0.0981742 
3.14603 2.17853 2.18364 0.929849 0.900634 -0.12478 0.360889 -0.220447 -0.00814102 -0.112037 0.103303 0.0288516 
-1.01753 -0.836721 3.91683 -0.0531189 0.154152 1.5311 1.8738 0.464619 0.824472 0.138209 0.033732 0.104445 
4.28449 2.80386 1.79425 0.280106 -0.0411238 -1.41043 -0.643589 -0.0270411 -0.151754 -0.27483 0.0157707 -0.0211264 
-0.780244 -3.84735 -1.28091 1.41151 3.38827 1.24968 0.932323 -0.0897702 0.0999653 0.0073313 0.139043 0.0800726 
3.51142 2.9491 2.50365 1.95742 2.03392 0.852706 0.545362 0.135446 0.0373322 -0.0809506 0.01462 -0.0183027 
3.5777 0.459905 0.88937 1.3771 1.73891 1.86091 2.45861 1.75299 0.769353 -0.159449 -0.136781 0.0103017 
4.25986 2.32404 3.65893 -1.11088 -0.996536 0.935427 -0.69114 -1.27614 -0.474344 -0.304277 -0.206132 -0.00311745 
2.89866 -0.122245 0.891636 1.4361 2.58362 2.45289 2.67076 0.646422 0.137458 -0.0519451 0.11196 0.084628 
1.3288 -0.243263 2.87826 0.282514 -0.473536 0.00101344 1.40823 0.899593 1.06879 0.401742 0.105875 0.114244 
1.54489 0.943816 1.56935 0.813831 1.52693 0.701387 1.27182 0.47871 0.679451 0.244467 0.28997 0.0743823 
4.21612 2.37461 1.82972 0.515839 0.322905 -0.839809 -1.18953 -0.903008 -0.28113 0.033373 0.0289612 -0.0214384 
0.598058 -2.78683 -1.83127 0.530541 2.62432 1.98104 1.76207 0.134224 0.183433 -0.0503488 0.0969976 0.106447 
4.10046 2.46636 1.7866 0.962739 2.55708 -0.142683 1.89579 1.29061 -0.94519 -0.204509 0.328449 0.151354 
2.9559 2.24524 2.43212 1.94606 2.06438 1.55757 1.56352 0.994656 0.790324 0.41721 0.240583 0.0615234 
4.08444 2.05679 3.2124 -0.406702 -1.25604 -0.689631 -0.747869 -0.939803 -1.20409 -0.0165256 0.0012921 -0.107791 
3.5386 -1.05738 0.599092 0.373719 1.13085 2.38355 3.44291 0.618403 -0.643681 -0.101247 -0.0585398 -0.114472 
3.6825 2.49316 3.37785 0.420967 0.318013 1.09622 -0.0106626 -0.891131 0.506425 0.0362246 0.0552268 0.0957174 
-0.899 0.698401 4.74307 0.0369529 1.64482 1.566 1.72921 0.875752 0.880016 0.290355 0.158851 0.116992 
4.86673 2.73353 2.32072 -0.0831352 1.65437 -2.16928 -0.336035 -0.101345 -0.1803 0.109705 -0.172857 0.0396706 
0.095133 -3.31077 -1.2874 2.0136 3.29387 1.7864 1.34936 0.034222 0.476559 -0.0223203 0.179258 0.0937539 
4.02873 3.55681 3.25016 2.38606 3.14117 0.331427 0.133633 -0.721624 -0.0612425 -0.232098 -0.18316 -0.060376 
3.51641 -1.01341 0.66906 2.82948 2.39643 1.45842 1.91787 1.83152 0.924056 -0.253785 0.00113765 0.0989378 
4.16203 2.07548 4.11671 -2.16604 -1.34006 0.431432 -0.543719 -1.05667 -1.26904 -0.271647 -0.201154 -0.106203 
3.25164 -1.68848 0.296927 1.84592 2.62383 2.23933 3.42505 0.464305 -0.629711 -0.158046 0.129627 0.0380635 
