4.41581 2.24005 0.809112 0.531337 0.210606 -0.198632 0.811944 0.627217 -0.0114057 -0.261327 -0.266558 -0.122759 
2.03537 1.26568 1.56723 0.464362 0.972155 0.128197 0.851496 0.366982 0.769303 0.420139 0.362622 0.0859199 
3.80253 2.08014 1.13604 1.03276 1.48945 1.06399 1.42146 0.679708 -0.0299566 -0.294777 0.357417 0.0846127 
3.9587 -1.02223 -0.460311 0.505963 1.52702 2.7718 1.40834 0.845388 0.821257 -0.475799 -0.242399 0.0154732 
4.77942 1.64411 -0.0828222 -0.362777 0.250689 0.752932 1.61677 1.07498 0.272721 -0.302864 0.0018362 -0.00453034 
2.95289 1.81222 1.80611 1.43621 0.928909 0.599388 1.30348 1.10226 0.558203 0.198419 0.228552 0.0437395 
4.14669 2.11073 1.14136 0.360815 0.73227 1.52255 2.02005 0.715685 0.112903 -0.138576 0.276822 0.074188 
4.6476 0.237604 -0.815316 0.777366 1.45321 0.782886 1.8913 1.94453 0.200328 -0.718165 -0.178019 0.00278155 
4.52779 1.83993 0.674336 0.952434 0.0643904 -1.10209 0.550465 1.2552 0.114236 -0.556294 -0.291065 -0.0991127 
2.09581 1.4575 1.78456 1.30096 1.52325 0.92505 1.05267 0.671073 0.660768 0.318154 0.271466 0.0688203 
4.76075 2.15774 0.331397 1.54018 2.7294 -0.644875 1.32169 0.611821 -0.29702 -0.552053 0.375758 0.284389 
4.034 -1.18621 -0.784928 1.53441 2.32116 1.39616 1.90194 1.87623 -0.0783777 -0.815709 -0.162892 0.0115925 
4.80004 1.68401 0.827955 1.39046 0.488087 -0.504659 2.34983 1.15397 0.219506 -0.210367 0.0294732 -0.0166775 
1.84602 -0.457044 2.63821 2.3645 0.870294 0.771735 2.14981 0.818453 0.371817 0.222591 0.252621 0.0804891 
3.16051 1.8186 1.53311 1.00866 1.71728 1.87594 1.74742 0.8139 0.345748 0.103482 0.276491 0.0622489 
4.47109 -0.486497 -0.292477 2.2798 2.51682 0.295271 1.64263 2.34281 0.37627 -0.466694 -0.182066 0.0468883 
4.18488 2.48396 1.79429 1.3678 0.934937 -0.131753 1.01854 1.55361 0.813763 -0.199301 0.0609641 0.0146605 
1.54876 0.940614 1.55644 0.695998 1.49281 0.617792 1.33382 0.347247 0.788177 0.245117 0.280109 0.0791406 
4.23444 2.02154 0.759687 1.62492 2.12717 0.250521 0.946778 0.637267 -0.230671 -0.570697 0.498157 0.192068 
4.11371 -1.08945 -1.02002 1.25433 2.19393 1.75718 1.85477 1.24263 0.557757 -0.822642 -0.264797 -0.000175339 
4.92057 1.16993 -0.137273 0.0258286 -0.066803 0.433596 2.06222 2.06386 0.0548135 -0.625213 -0.00954027 -0.00505059 
2.33639 0.569259 2.11781 2.35983 1.3607 0.158083 1.29192 1.17602 0.706235 0.296008 0.217268 0.0835141 
4.21575 2.00325 0.580343 0.761242 1.47485 1.80699 2.07464 1.08738 0.0407462 -0.598706 0.102568 0.0660096 
4.12003 -1.1069 -1.16041 1.99195 2.10333 0.827592 2.57267 1.38504 0.244882 -0.926991 -0.224505 0.0102734 
5.46085 1.44135 -0.0213606 1.25031 0.67569 -1.63664 1.31824 1.1922 -0.0896778 -0.457178 -0.268651 -0.0673354 
2.42978 1.72959 2.01497 1.34773 1.95794 1.16913 1.67269 0.973917 0.779107 0.201824 0.208353 0.0726507 
4.44093 1.94274 0.615862 1.62716 2.1741 0.511261 1.85026 1.39024 0.0311962 -0.992114 0.128179 0.163512 
3.52147 -1.26862 -0.238474 0.199907 2.76616 2.11912 1.28984 1.79308 0.373505 -1.22584 -0.0266205 0.0364443 
4.89934 0.519429 -1.00396 -0.0214072 0.768987 -0.288332 3.13028 1.52971 0.334642 -0.800737 -0.0931137 0.0307092 
1.01214 -1.87631 2.22465 2.90976 2.17077 0.811618 2.07896 1.08585 0.65629 0.161303 0.201467 0.117362 
3.29799 1.52505 1.66293 1.45341 2.25008 1.97716 2.49692 1.11491 0.354928 -0.146622 0.186951 0.0898739 
4.40606 -0.902463 -0.377745 2.80062 2.82182 0.231635 2.31272 1.96226 -0.231022 -0.882717 -0.18946 0.132891 
