0.848237567 0.151762433 0.000000000 0.000000000 0.000000000 
0.000000000 0.766088502 0.233911498 0.000000000 0.000000000 
0.000000000 0.000000000 0.818754422 0.181245578 0.000000000 
0.000000000 0.000000000 0.000000000 0.960300035 0.039699965 
0.000000000 0.000000000 0.000000000 0.000000000 1.000000000 

0.789433303 0.210566697 0.000000000 0.000000000 0.000000000 
0.000000000 0.677617674 0.322382326 0.000000000 0.000000000 
0.000000000 0.000000000 0.809634797 0.190365203 0.000000000 
0.000000000 0.000000000 0.000000000 0.910389790 0.089610210 
0.000000000 0.000000000 0.000000000 0.000000000 1.000000000 

