1.26229 0.327779 0.681758 0.24698 0.662115 -0.191831 0.710105 0.0112646 0.466491 0.00347742 0.260947 0.0792951 
3.6117 0.911069 2.33011 -0.642008 0.304176 0.246096 0.405929 1.55024 0.400514 0.0434949 0.223067 -0.0621388 
2.51008 1.73752 1.78885 0.801185 1.41852 0.315741 0.489016 -0.385871 0.217423 0.235651 0.354098 0.0701052 
2.83606 1.2712 1.38314 0.85838 0.989054 1.14657 1.6514 1.30125 0.659747 0.132214 0.0851823 0.0136492 
2.27154 1.65427 1.99413 1.29854 1.61019 0.933172 1.03656 0.581904 0.621218 0.320924 0.265455 0.0687449 
0.196595 -0.975674 2.95934 -0.141817 -0.749919 0.94662 2.01612 0.446441 0.846103 0.399126 0.015664 0.0892365 
3.75717 2.84579 2.257 1.78441 1.39377 -0.103668 -0.354003 -0.439301 -0.684631 -0.585871 0.0129996 -0.0447538 
3.76866 -0.130113 -0.401899 1.43996 2.63145 1.22765 1.84726 1.79135 0.667489 -0.601937 -0.338362 -0.00337938 
1.33655 0.793753 1.45744 0.615204 1.64693 0.401589 0.959671 0.411434 0.58208 0.200703 0.31796 0.0839292 
1.83193 0.0154843 2.59337 0.556409 -0.434315 -0.29623 1.20926 1.01967 1.16792 0.398586 0.160822 0.113384 
3.65853 2.5885 1.76114 1.08155 1.65308 1.13735 0.927892 0.0107813 -0.784945 -0.453433 0.195111 0.0238391 
4.04789 0.921422 -0.529668 0.128164 1.46355 1.95416 2.44821 1.40149 0.369154 -0.221648 -0.00978774 0.00574142 
1.32879 -1.89421 0.218885 2.06821 1.27662 1.14185 2.32801 -0.708682 0.603622 0.189839 0.301427 0.00980964 
-1.19779 -0.204888 4.39085 -0.11068 1.03818 0.977421 1.62208 1.0367 0.7256 0.066048 0.131763 0.101337 
3.92512 2.17163 2.12552 3.00978 2.12313 -0.681509 -0.961048 -0.231792 -0.598539 -0.892146 -0.230851 -0.0814383 
3.97011 0.965789 0.0974336 0.903868 1.23457 0.744165 2.58177 2.56177 0.720989 -0.578346 -0.0641338 0.0415996 
1.45501 0.676124 1.30487 0.555259 0.975704 0.325373 0.988214 0.331271 0.931945 0.351344 0.313245 0.0759792 
3.79329 1.62942 3.1023 -1.10888 -0.556973 0.593312 0.999588 0.638075 0.0490127 0.242346 0.269523 -0.0268086 
3.28293 2.52216 2.48786 2.08572 2.07692 0.267746 0.249407 0.089835 0.208727 -0.0939882 0.0923237 0.0136688 
3.05561 1.00254 0.514408 0.801015 1.97364 1.34509 2.01908 1.3672 1.09137 -0.0307424 -0.0736015 0.027997 
3.16605 2.39211 2.37221 2.22599 2.25044 1.59686 1.32635 0.873217 0.673763 0.333059 0.209598 0.0588693 
-1.23646 -0.641226 4.13811 -0.0311678 0.423295 1.92324 1.81528 0.384695 0.882544 0.106404 0.0452553 0.116274 
3.88267 3.3127 2.54995 1.62481 2.98418 0.654227 -0.286087 -1.00926 -0.443044 -0.386665 0.162167 -0.0406508 
3.37678 -1.05309 0.66051 3.00784 2.46569 1.39905 1.92645 1.76921 0.909984 -0.277787 0.0201285 0.115214 
1.45307 0.910182 1.54374 0.729082 1.45932 0.832753 1.45 0.323747 0.773232 0.234434 0.262729 0.077 
2.58203 -0.822695 0.381786 0.418423 -2.43356 -0.592043 2.09284 0.62104 0.648853 0.684488 0.29041 -0.0172867 
4.26128 2.55505 1.77924 1.44858 2.49393 0.868387 1.07678 0.81728 -1.40964 -0.710152 0.257508 0.0796943 
3.34255 0.150253 1.09642 1.62128 1.7873 1.97865 2.5798 1.61657 0.678709 -0.119891 -0.101866 0.0271067 
3.37561 2.40279 1.77818 1.1173 2.72049 1.98053 1.69313 0.453024 -0.476812 -0.0981602 0.359117 0.0831942 
-0.636486 1.06822 4.86242 0.142811 1.85888 1.78792 1.8167 0.784717 0.977167 0.41655 0.164497 0.122607 
4.66802 1.73738 2.10394 3.96372 3.35029 -1.15814 -0.874112 -0.108976 -0.485433 -0.78466 -0.353217 -0.0540275 
4.1133 -0.270875 -0.749509 2.28573 2.25699 0.594545 2.89471 2.04218 0.283258 -0.732108 -0.171694 0.0773907 
