2.18548 1.46047 1.48186 0.534759 0.771299 -0.178678 0.577603 0.0712401 0.396944 0.0230641 0.235976 0.0811024 
3.68459 1.32841 2.77665 -0.860939 -0.192731 0.506751 0.783483 1.01856 0.173465 0.163091 0.23846 -0.0511959 
1.11306 0.568779 1.30661 0.290418 1.09416 0.350326 1.00563 0.0436705 0.459137 0.189459 0.305585 0.0866299 
1.26415 -1.18659 -1.06242 0.311607 2.04612 1.70184 1.60788 0.273129 0.631817 0.165892 0.228697 0.0359511 
4.47554 2.34132 1.23745 0.292562 0.151937 -1.10075 -0.353462 0.0729985 -0.266528 -0.584695 -0.114918 -0.0444197 
4.5235 1.46424 0.403318 0.247443 0.655878 -0.414959 0.758563 1.42456 0.264923 -0.61452 -0.307276 -0.098549 
1.24881 0.722762 1.44951 0.546297 1.61003 0.232927 1.11712 0.590182 0.52571 0.219672 0.317956 0.0829929 
3.66119 1.44778 0.476413 1.9587 2.97506 1.31581 2.12711 1.65072 0.504935 -1.0433 0.093574 0.145022 
2.0481 1.27698 1.36152 0.678992 1.12232 0.247052 0.515172 -0.318342 0.807049 0.217975 0.342738 0.0954486 
-0.927658 -0.836608 3.85908 -0.0432573 0.0862223 1.51127 1.87738 0.449979 0.824104 0.144412 0.0329212 0.102777 
1.25638 0.581784 1.28456 0.446311 1.23316 -0.0247284 0.763876 0.391481 0.950159 0.369328 0.299363 0.0723371 
3.47213 1.40899 0.910902 1.40142 2.34574 2.20466 2.22436 1.15647 0.138521 -0.338378 0.0912616 0.0753485 
3.99455 2.44448 2.03705 1.9347 1.34945 0.320229 0.16962 -0.829971 -0.452716 -0.319548 -0.130451 -0.0600208 
4.711 -0.114547 -0.703589 1.26472 1.22959 -0.0997142 2.24386 2.00834 -0.11607 -0.57505 -0.14487 -0.0321182 
1.28696 0.771836 1.44412 0.626234 1.41634 0.807876 0.6813 0.315447 0.787968 0.187193 0.319869 0.0791569 
3.40866 -1.0089 0.797919 2.81092 2.39268 1.50008 1.79618 1.78231 0.964181 -0.214224 -0.00763503 0.0934906 
3.15414 1.8722 1.39109 0.608807 0.573752 -0.794807 -0.317905 -0.299781 0.8091 0.165364 0.308424 0.0979566 
1.31608 -0.284661 2.70824 0.214696 -0.557072 -0.0292553 1.40045 0.860503 1.13457 0.432314 0.116819 0.115139 
1.32611 0.811616 1.51789 0.701867 1.67979 0.585996 1.11813 -0.0243367 0.70643 0.330044 0.295144 0.0861346 
1.42244 -0.724506 0.230583 1.96376 2.78851 1.06297 0.532551 -0.187062 0.740556 0.421368 0.24224 0.0166404 
4.29377 1.88663 1.63941 0.451869 1.69245 -0.548244 -0.18464 0.607626 -0.497962 -0.718496 0.0605663 0.0426704 
4.22935 0.57584 0.241269 0.858021 0.65775 -0.284915 1.45038 2.08606 0.720279 -0.455089 -0.0607474 -0.0120967 
1.34631 0.840245 1.52985 0.613435 1.4018 0.809595 1.54534 0.34501 0.535396 0.248755 0.29191 0.0785904 
3.42884 -0.423405 -0.187682 1.42544 3.35212 1.05709 1.78736 2.5601 -0.206089 -0.581179 0.0115741 0.0841134 
3.40207 1.59848 1.40063 0.843056 1.84028 -0.0632945 -0.282543 0.029705 1.01684 -0.0493888 0.434327 0.126383 
-0.865696 0.659041 4.72531 0.0436101 1.61169 1.5606 1.72394 0.86731 0.880308 0.280102 0.154401 0.116899 
1.26312 0.741981 1.46026 0.687354 1.12828 0.537013 1.29813 0.327516 0.997429 0.180383 0.288815 0.0788093 
3.51812 0.438033 0.937545 1.36475 1.6923 1.87272 2.45796 1.69404 0.789755 -0.165696 -0.144069 0.00871147 
4.28555 2.51319 2.30635 2.95299 2.11003 -0.0194653 -0.646084 -0.922934 -0.721245 -0.616113 -0.18107 -0.104591 
4.17166 0.115335 -0.644491 2.06854 2.51345 0.73822 2.65918 1.79221 0.119447 -0.676361 -0.172058 0.0639864 
1.73152 1.21814 1.73058 1.04679 1.59517 0.850986 1.11607 0.656068 0.764435 0.292044 0.276144 0.069204 
2.71648 -0.850104 0.318656 1.3621 3.88502 1.64452 1.64007 1.73766 1.33754 -0.479176 -0.243093 0.0799828 
