4.34415 2.51307 1.00183 -0.361733 0.380948 -0.563872 -0.246636 0.210715 0.481893 -0.11311 0.00336839 -0.0621139 
2.99593 0.994389 0.73966 0.715674 -2.23045 -1.36505 0.907538 0.201444 0.100701 0.348412 0.636566 0.0699103 
1.25139 0.701795 1.38901 0.517796 1.12498 0.172522 0.739412 -0.0691256 0.47277 0.0826802 0.277281 0.0864375 
-0.77848 -2.81896 -0.695426 0.581745 2.73352 1.00987 1.17785 0.179626 0.464122 0.0244367 0.140206 0.0330615 
4.13749 2.11175 2.49944 -0.70862 -0.485466 -0.570688 -0.983055 -0.512813 -0.396283 -0.0324187 -0.0273079 -0.0625427 
2.95806 1.33076 1.49193 -0.244382 1.3094 1.61345 2.22539 0.64615 0.316607 -0.0900424 0.30548 0.0322603 
1.23756 0.693102 1.40041 0.428897 1.17883 0.330832 1.00322 0.577113 0.392432 0.160995 0.31154 0.0806491 
2.63276 1.82018 2.21409 1.40981 1.75444 1.38087 1.71483 0.940745 0.837212 0.357026 0.277994 0.0541741 
3.6882 -0.883388 0.834094 0.9841 1.45768 -0.243445 -0.492274 -0.283337 -0.776507 -0.418212 0.169173 0.146431 
1.44056 -0.224506 2.82924 0.458798 -0.520446 -0.189754 1.35938 0.871003 1.09609 0.4257 0.147583 0.11442 
1.20044 0.643721 1.34016 0.423234 1.09868 -0.035535 0.801678 0.293663 0.894331 0.372408 0.2857 0.0761366 
2.5936 0.209225 1.11521 0.124343 1.37188 2.29861 2.74591 1.16147 -0.183541 -0.715374 0.323718 0.0339032 
4.45267 2.40785 2.19396 -1.3572 0.0548813 -0.39285 -1.84331 -0.943661 -0.922405 -0.905333 0.0295134 -0.014206 
-0.795576 -0.907206 3.76163 0.0494834 0.0135678 1.40329 1.96648 0.511013 0.818565 0.158361 0.0363285 0.0979454 
1.17304 0.670529 1.35616 0.511857 0.899264 0.625988 1.16433 0.218503 0.888522 0.165387 0.31062 0.0747575 
3.43555 0.358783 0.889438 1.39623 1.78469 1.92347 2.46654 1.63083 0.713585 -0.134776 -0.0952782 0.0120304 
3.24294 2.35297 2.62113 0.368645 0.34355 0.140244 0.237312 -0.481921 0.293732 0.168048 0.119315 0.0542592 
3.9271 1.76187 2.22332 -1.05932 -0.248582 0.381264 0.918954 0.761123 0.143909 0.227417 0.192708 -0.0416416 
1.17752 0.706315 1.46623 0.512158 1.49669 0.543098 1.05324 0.00284872 0.562216 0.354616 0.306603 0.0817917 
3.20399 0.464978 0.349826 -0.3701 2.23512 1.23377 1.54609 1.57351 0.391343 -0.683084 0.123582 -0.00753094 
4.36459 2.21188 3.93377 -1.71371 -1.68433 0.254405 -0.64199 -0.896685 -0.91994 -0.318398 -0.0813261 -0.0728096 
3.04601 1.43454 1.90044 -0.511528 0.611998 2.4586 2.39632 0.0988802 0.613697 0.0570769 0.234209 0.0184186 
1.26782 0.679693 1.39752 0.492627 1.53081 0.159024 1.36057 0.611914 0.712009 0.27642 0.259755 0.0754836 
1.56732 -0.864714 1.38567 2.70144 2.87142 0.955939 1.59593 0.837395 0.727927 0.121444 0.145229 0.0583139 
3.91799 2.18523 1.78534 0.211063 2.04928 -1.22623 -0.454112 -0.0531302 -0.665737 -0.306057 0.100111 0.0490712 
3.31601 1.17648 1.14917 0.506471 0.712605 0.74954 1.59364 1.44146 0.848886 0.17252 0.120311 -0.0306121 
1.31551 0.781916 1.44541 0.70951 1.56755 0.600785 0.771122 0.498171 0.88372 0.175176 0.285135 0.0748418 
3.753 -0.076211 0.169413 0.453267 0.655723 0.699638 3.56816 1.31306 -0.243113 -0.30426 0.1266 -0.0687911 
4.16174 1.99071 1.9335 0.244417 0.230743 -1.07895 -1.79615 -1.28154 -1.65115 -0.968084 0.0471194 -0.0408491 
-0.917347 0.591585 4.69361 0.0244141 1.56544 1.57298 1.71503 0.825727 0.881135 0.270823 0.149742 0.114805 
1.38352 0.893822 1.56161 0.772945 1.41121 0.807729 1.4911 0.353774 0.615956 0.21411 0.284293 0.0736003 
3.4781 -0.933722 0.619563 2.80565 2.34371 1.41422 1.92224 1.90101 0.939612 -0.309049 -0.00867581 0.1016 
