1.27197 0.639196 1.22475 0.377762 0.880251 0.232763 0.947066 0.505659 0.990643 0.147786 0.260776 0.071726 
1.25068 0.641206 1.26407 0.366706 1.00642 -0.0143766 0.591487 0.0399553 0.629908 0.120394 0.244283 0.0750393 
4.59186 2.19717 0.775322 -0.374844 -0.447837 -0.810968 0.354628 0.766479 0.362005 -0.185875 0.00547716 -0.0514468 
-0.561528 -1.02925 2.7299 -0.61284 -0.375526 0.963116 1.69415 0.277853 0.736804 0.478224 0.0758875 0.0576559 
2.74197 2.09493 2.11161 0.53034 0.664124 -0.235908 0.313557 -0.268347 -0.00792483 -0.182308 0.0611422 0.0351436 
1.21606 0.60731 1.31635 0.363385 1.24027 0.108117 1.20725 0.470864 0.376152 0.222417 0.272171 0.080087 
3.65286 2.45709 2.09501 -0.260556 -0.0375374 -0.886256 -0.607335 -0.638566 -0.566601 -0.40572 -0.00836183 -0.0314322 
2.98254 1.19228 1.76074 1.00228 1.47739 1.76154 1.71036 1.09749 0.450499 0.122656 0.111669 0.0118129 
1.06064 -0.670941 2.42538 0.800285 -0.488573 -0.365738 1.53707 0.953074 0.991277 0.427179 0.172583 0.0805031 
1.20133 0.625163 1.29977 0.412254 0.989571 0.606858 1.20345 -0.017426 0.673638 0.239018 0.281149 0.0795127 
3.58121 2.59161 2.46914 -0.184336 -0.178159 -0.22562 -0.16835 -0.763445 0.191263 -0.0899016 0.128707 0.0736037 
-0.598626 1.17178 4.74376 0.0166719 1.90862 1.72119 1.64254 0.862775 0.918242 0.372942 0.19395 0.103708 
3.84428 1.64123 2.8767 -0.987103 -0.289484 0.485561 0.686951 0.864408 0.0975031 0.134716 0.254555 -0.0353204 
1.26047 0.694815 1.3397 0.460556 1.40386 0.75926 0.817834 0.553242 0.649564 0.185325 0.301589 0.0746893 
4.43261 2.50226 3.43284 -1.60243 -1.32571 0.70835 -0.826994 -1.06951 -0.259982 -0.483055 -0.12339 0.0280926 
0.315502 -1.79421 -0.0065666 0.978749 2.55995 0.660669 1.79576 0.619411 0.748697 0.136148 0.0805261 0.0610763 
1.58344 0.787494 1.39393 0.648445 1.36029 0.132449 1.01586 1.00307 0.931804 0.215353 0.223332 0.062878 
1.22361 0.655004 1.34711 0.506431 1.63868 0.23999 0.923829 0.229524 0.751916 0.354946 0.267463 0.0791996 
4.43236 2.59386 1.35205 -0.548306 0.812244 -1.22265 0.211114 0.913664 -0.244564 -0.170515 0.0753392 0.0106795 
-1.18092 -0.452608 4.00967 0.0174697 0.718675 1.52689 1.7828 0.629493 0.82552 0.0998856 0.0707074 0.111186 
2.33925 1.85433 2.12151 1.02943 1.3926 0.448233 0.692613 0.000156648 0.239466 -0.104488 0.117705 0.0491382 
1.19773 0.604102 1.30884 0.306723 1.25638 0.518732 1.54974 0.631283 0.723358 0.221814 0.259555 0.0682198 
4.18506 2.35904 2.23712 -1.52918 -0.968267 -0.740798 -1.05306 -1.00903 -1.19684 -0.626585 -0.030001 -0.0281347 
3.4763 0.371991 0.919731 1.48288 1.82055 1.88227 2.59465 1.72522 0.76693 -0.151046 -0.127167 0.0262745 
4.46928 2.36746 0.51222 -0.648396 -0.192514 0.682325 1.78853 1.60906 0.992563 0.284566 0.210345 -0.00886311 
1.28966 0.712791 1.32256 0.626972 1.34117 0.741648 1.27179 0.266061 1.05494 0.205672 0.258386 0.0742807 
2.88538 0.973149 2.05335 1.59328 -3.03747 -1.82496 0.460033 -0.494393 -0.0666404 0.384017 0.407652 0.0542385 
-0.384726 2.50466 3.03498 0.299918 2.95526 1.12412 1.88226 0.656903 1.03103 0.581544 0.153889 0.0617357 
3.83271 2.58898 1.96506 -0.841841 0.810566 1.24314 0.877595 0.316554 -0.351968 -0.233574 0.3903 0.0592409 
1.94883 1.40855 1.88299 1.12931 1.5825 0.877725 1.22627 0.579907 0.652264 0.304211 0.28472 0.0697696 
4.66059 2.1332 3.66205 -3.44244 -0.761479 -0.390038 -0.809412 -0.946418 -1.19569 -0.593845 -0.26151 0.00368155 
3.35204 -1.00771 0.739303 2.83651 2.39782 1.42613 1.90471 1.78928 0.926605 -0.216219 0.0190081 0.0967391 
