3.88208 2.54925 1.87331 -0.263709 -0.483483 -0.792706 -0.350319 -0.219115 -0.133628 -0.101941 0.0619897 -0.0275443 
3.00732 2.19234 2.02264 0.708819 0.585088 -0.0230808 0.72059 0.477686 0.628092 0.310133 0.2471 0.0664133 
1.21849 0.693516 1.35413 0.395554 1.03488 0.0693443 0.633485 -0.0895928 0.496216 0.103325 0.271685 0.0803188 
4.3416 1.97905 0.720353 -0.686735 0.216715 0.127397 1.45735 1.50709 0.551143 -0.100262 0.116849 -0.0128008 
3.75749 2.3474 2.04901 -0.155805 -0.201528 -0.255747 0.58764 -0.82613 0.202704 0.321303 0.20179 0.0748897 
0.845903 -0.66722 3.04657 0.157734 -0.704461 0.25281 1.64855 0.706835 0.979841 0.406848 0.0511326 0.11394 
1.17424 0.660313 1.36404 0.381974 1.48457 0.20489 0.873839 0.484808 0.429164 0.233188 0.300416 0.0828372 
1.21762 -1.84619 -0.913323 0.504725 1.33656 0.825211 2.44913 0.914537 0.541549 -0.177133 0.0238339 0.0512858 
4.22022 2.69034 2.31928 1.40412 1.77614 0.377151 -0.61694 -1.20884 -0.465389 -0.569425 -0.0426142 -0.0246669 
2.3102 1.05557 1.52791 0.637739 0.998106 -0.206749 0.561968 1.15588 1.17365 0.26619 0.214685 0.0506972 
1.14737 0.621123 1.32174 0.506035 0.878216 0.303657 0.920575 0.260713 0.943747 0.183617 0.293792 0.0802277 
3.43897 0.309059 0.903541 1.35519 1.50181 1.8633 2.58695 1.6704 0.624414 -0.126941 -0.0593041 0.00531802 
3.863 2.05708 3.02033 -1.63081 -2.0017 -0.256233 -0.841358 -1.3768 -1.25091 -0.388162 -0.0440629 -0.0838907 
-1.0859 -0.293024 4.31218 -0.0951968 0.96245 1.03205 1.61551 1.04327 0.741035 0.0369205 0.126246 0.102126 
1.3142 0.797792 1.4736 0.604966 1.29921 0.939046 1.32499 0.330891 0.597824 0.193742 0.282926 0.0740376 
2.36684 0.467172 2.29161 1.65255 2.02631 2.56679 2.63447 0.0426706 0.226895 -0.0925033 0.268444 0.106531 
4.26204 1.7262 2.65588 -0.777944 0.816761 -1.23591 -0.630023 0.90872 -0.1254 -0.179747 -0.0136186 -0.0416712 
4.25236 2.39305 1.96699 -0.992717 -0.603633 0.116226 0.826035 0.617096 0.175578 0.16481 0.183352 -0.019166 
1.1626 0.64315 1.37458 0.468213 1.20139 0.323518 1.29727 0.00844634 0.597913 0.320302 0.28899 0.0836193 
3.8422 0.693289 0.548074 0.431249 1.62097 1.44736 1.51797 1.86647 1.18809 -0.163867 -0.0958658 -0.0471176 
4.26045 2.5604 2.13781 -1.03622 -1.58012 -0.731965 0.283121 -0.608441 -0.667058 -0.0563182 -0.0689382 -0.0763081 
-0.764137 -0.55354 3.85099 0.0481903 0.164012 1.86984 1.91367 0.255169 0.877507 0.179229 0.017801 0.103312 
1.21066 0.699564 1.38944 0.529941 1.3479 0.282679 1.31415 0.677274 0.757774 0.215037 0.27605 0.0731224 
-0.520087 -2.79739 -0.622151 1.45692 2.92092 1.29347 1.80218 0.173396 0.144904 -0.168625 0.248346 0.133172 
3.68745 2.1747 2.24242 1.34108 3.05666 1.54582 -0.23495 -0.485537 0.0658136 -0.371009 0.162621 0.0192284 
2.85939 -0.139937 0.420847 0.190218 -1.27883 -0.806274 2.12246 1.04117 0.65928 0.593559 0.353137 0.0113868 
1.22401 0.729727 1.44181 0.61813 1.58547 0.563051 0.782709 0.275333 0.909931 0.248631 0.279845 0.0776725 
3.51162 -0.855871 0.615231 2.64421 2.42696 1.50344 1.96353 1.77449 0.899561 -0.246069 -0.0166937 0.088665 
3.84264 1.60449 4.39794 -3.5966 -1.75521 -0.062992 -0.811497 -1.55247 -1.43006 -0.420151 -0.13975 -0.0581246 
-0.624934 1.04954 4.8379 0.1188 1.83234 1.78433 1.77914 0.776984 0.952695 0.400157 0.165255 0.121851 
2.57875 2.01738 2.30132 1.83604 1.90118 1.27935 1.48394 0.785476 0.804857 0.36754 0.247851 0.0520511 
2.60912 -1.18829 1.70036 1.19403 1.74527 2.49905 3.27963 0.317581 0.112855 -0.595365 0.199787 0.127271 
